k_20181108_test.txt
ncols         72
nrows         48
xllcorner     -2136015
yllcorner     2155725
cellsize      30
NODATA_value  -9999
286.6 286.6 286.4 285.9 285.5 285.3 285.4 285.5 285.6 285.6 285.5 285.5 285.4 285.2 285.1 285.2 285.4 285.6 285.9 286.2 286.5 286.8 287 287.1 287 286.7 285.7 284.9 284.4 284.2 284.2 284 284 284 284 284.1 284.1 284 284 284 284.1 284.1 284.2 284.2 284.2 284.1 283.9 283.6 283.6 283.7 283.8 284 284.3 284.9 285.6 285.6 285.4 285.3 285.2 285 284.7 284.5 284.4 284.6 285 285.3 285.6 285.7 285.4 285.1 285.2 285.6 
287.1 287.2 287 286.5 286.1 285.8 285.8 286 286.1 286.2 286.2 286.4 286.4 286.1 285.9 285.8 285.9 286.1 286.4 286.7 287.1 287.4 287.5 287.5 287.4 287 285.9 284.9 284.4 284.2 284.2 283.9 283.9 284 284 284.1 284.1 284.1 284.1 284 284 284 284 284 284 283.9 283.7 283.5 283.4 283.5 283.5 283.7 284.1 284.6 285 285.1 285 284.9 284.7 284.5 284.4 284.2 284.2 284.3 284.6 284.8 285 285.2 285 284.9 285.1 285.8 
287.6 287.6 287.3 286.8 286.3 286.2 286.3 286.5 286.7 286.8 287 287.1 287.3 287 286.7 286.5 286.5 286.6 286.9 287.4 287.7 287.9 287.9 287.9 287.7 287 285.8 284.9 284.5 284.3 284.3 284.1 284 283.9 284 284 284.1 284.1 284.1 284.1 284 283.9 283.9 283.9 283.9 283.9 283.7 283.6 283.5 283.5 283.5 283.6 283.9 284.3 284.5 284.6 284.5 284.3 284.2 284.1 284.1 283.9 283.9 284 284.2 284.3 284.5 284.7 284.7 284.7 285.2 285.9 
288 287.9 287.5 286.9 286.6 286.6 286.9 287.2 287.4 287.4 287.5 287.5 287.8 287.6 287.3 287.1 287.2 287.3 287.5 287.8 288 288.2 288.3 288.3 287.8 286.8 285.6 285 284.7 284.5 284.4 284.3 284.2 284.1 284 284 284 284.1 284.1 284 284 283.9 283.9 283.9 283.8 283.8 283.7 283.7 283.7 283.7 283.7 283.7 283.8 284 284.1 284.2 284.2 284.1 284 283.9 283.8 283.7 283.6 283.8 284 284.2 284.3 284.5 284.7 284.8 285.4 286 
288.1 288 287.6 287.1 286.9 287.2 287.5 287.7 287.8 287.7 287.7 287.8 287.8 287.7 287.5 287.6 287.8 288 288.2 288.4 288.5 288.6 288.6 288.3 287.7 286.7 285.8 285.3 285.1 284.9 284.7 284.5 284.4 284.2 284.1 284 284 284.1 284.1 284 284 283.9 283.9 283.8 283.8 283.7 283.8 283.8 283.8 283.8 283.8 283.8 283.9 283.9 283.9 284 284 283.9 283.9 283.7 283.6 283.5 283.6 283.7 283.8 284 284.3 284.4 284.6 284.9 285.4 286 
287.6 287.8 287.5 287.2 287.3 287.6 287.9 287.9 287.8 287.7 287.6 287.7 287.5 287.5 287.5 287.9 288.1 288.4 288.6 288.8 288.9 288.9 288.8 288.4 287.8 287 286.3 286 285.7 285.2 285 284.8 284.6 284.5 284.3 284.1 284.1 284.1 284 283.9 283.9 283.9 283.9 283.8 283.7 283.7 283.8 283.9 283.9 283.9 284 284 283.9 283.9 283.9 283.9 283.9 283.9 283.7 283.6 283.6 283.5 283.6 283.7 283.8 284.1 284.3 284.5 284.7 285 285.4 285.6 
287.3 287.5 287.5 287.5 287.7 288 288.1 287.8 287.6 287.5 287.4 287.3 287.1 287 287.2 287.7 288.2 288.6 289 289 289.1 289.1 288.9 288.4 287.8 287.4 286.9 286.8 286.3 285.7 285.4 285.1 284.9 284.8 284.4 284.2 284.1 284 284 283.8 283.8 283.8 283.9 283.8 283.7 283.7 283.9 284 284 284.1 284.1 284 284 284 283.9 283.9 283.9 283.8 283.7 283.6 283.6 283.6 283.6 283.7 283.9 284.2 284.4 284.6 284.7 284.9 285.2 285.5 
287.1 287.2 287.5 287.8 288.1 288.2 288.1 287.7 287.3 287.2 287 286.8 286.7 286.7 286.9 287.4 287.7 288.2 288.7 289.1 289.4 289.4 288.9 288.2 287.7 287.5 287.4 287.5 287 286.4 285.8 285.3 285.1 284.8 284.6 284.4 284.2 284 283.9 283.8 283.8 283.8 283.9 283.9 283.9 284 284.1 284.1 284.2 284.2 284.1 284 284 284 283.9 283.9 283.8 283.7 283.6 283.6 283.6 283.7 283.7 283.8 284 284.2 284.5 284.6 284.7 284.8 285.2 285.6 
286.9 287.1 287.5 287.9 288.2 288.3 288 287.5 287.1 286.8 286.7 286.4 286.3 286.5 286.8 287.1 287.4 287.7 288 288.5 289 289 288.7 288.1 287.6 287.5 287.7 287.6 287.4 286.9 286.2 285.6 285.2 285 284.7 284.5 284.3 284.1 284.1 284 284 283.9 284 284.1 284.2 284.3 284.3 284.3 284.2 284.2 284.1 284 284 284 283.9 283.8 283.8 283.7 283.7 283.7 283.7 283.7 283.8 283.9 284 284.2 284.4 284.6 284.6 284.7 285.1 285.6 
286.8 287.1 287.5 288 288.3 288.4 287.9 287.3 286.8 286.5 286.2 286.1 285.9 286.2 286.6 287 287.2 287.2 287.4 287.7 288.1 288.5 288.3 287.8 287.6 287.5 287.4 287.3 287.1 286.8 286.3 285.8 285.4 285.2 284.8 284.6 284.4 284.3 284.2 284.1 284.1 284.1 284.2 284.3 284.4 284.6 284.6 284.4 284.3 284.3 284.2 284 283.9 283.9 283.9 283.8 283.8 283.7 283.7 283.7 283.8 283.8 283.9 284 284.1 284.2 284.4 284.5 284.6 284.8 285.2 285.7 
286.6 286.9 287.4 287.9 288.2 288.2 287.7 286.9 286.6 286.3 286 285.9 285.9 286.2 286.8 287.3 287.5 287.6 287.7 287.7 287.8 288.1 288.1 287.8 287.7 287.5 287.2 287 286.7 286.4 286.1 285.8 285.4 285.2 284.8 284.5 284.4 284.4 284.2 284.2 284.2 284.2 284.3 284.4 284.6 284.7 284.6 284.6 284.4 284.3 284.1 284 283.9 283.8 283.8 283.8 283.8 283.7 283.7 283.8 283.8 283.9 284 284 284.1 284.2 284.3 284.5 284.6 285 285.5 286 
286.4 286.7 287.2 287.6 287.8 287.8 287.3 286.8 286.6 286.5 286.3 286.3 286.4 286.8 287.4 287.8 288.1 288.4 288.5 288.3 288.1 288.3 288.4 288.2 288 287.8 287.4 287 286.6 286.2 285.9 285.8 285.5 285.2 284.8 284.6 284.5 284.3 284.3 284.2 284.2 284.3 284.3 284.4 284.6 284.7 284.7 284.5 284.4 284.2 284.1 283.9 283.8 283.8 283.8 283.8 283.8 283.8 283.8 283.9 283.9 284 284.1 284.2 284.2 284.3 284.4 284.6 284.8 285.4 286.1 286.5 
286.4 286.7 287 287.3 287.5 287.4 287.2 287 286.9 286.8 286.8 287 287.2 287.6 288.1 288.5 289.1 289.4 289.5 289.4 289 288.9 288.8 288.8 288.7 288.4 288.1 287.4 286.9 286.4 286 285.9 285.7 285.4 285 284.7 284.5 284.3 284.3 284.2 284.2 284.2 284.3 284.4 284.6 284.6 284.6 284.4 284.3 284.2 284 283.9 283.8 283.8 283.9 283.9 283.9 283.9 283.9 283.9 284 284 284.2 284.3 284.4 284.4 284.5 284.6 285 285.9 286.7 286.7 
286.6 287 287.1 287.3 287.3 287.4 287.3 287.4 287.3 287.4 287.6 287.9 288.1 288.4 288.8 289.3 290 290.4 290.6 290.4 290.2 289.8 289.6 289.5 289.3 289 288.7 288.1 287.7 287 286.5 286.2 286.1 285.7 285.1 284.8 284.5 284.4 284.3 284.2 284.1 284.2 284.3 284.4 284.5 284.5 284.4 284.3 284.2 284.1 284 283.9 283.9 283.9 283.9 283.9 283.9 283.9 283.9 283.9 284 284.1 284.2 284.3 284.4 284.5 284.6 284.8 285.6 286.6 287.1 287 
286.9 287.1 287.3 287.3 287.4 287.5 287.6 287.8 287.8 288 288.3 288.7 288.9 289.2 289.7 290.2 290.8 291.1 291.2 291.1 290.9 290.6 290.3 290 289.7 289.4 289.2 288.8 288.3 287.7 287.1 286.8 286.6 286.1 285.2 284.8 284.5 284.3 284.2 284.1 284 284.1 284.2 284.4 284.4 284.3 284.2 284.1 284.1 284.1 284 283.9 283.9 283.9 283.9 283.9 283.9 283.9 283.9 283.9 284 284.1 284.2 284.3 284.4 284.5 284.7 285.2 286.2 287.1 287.4 287.3 
287.1 287.4 287.5 287.5 287.5 287.7 287.9 288.1 288.3 288.5 288.9 289.2 289.5 289.9 290.3 290.9 291.4 291.6 291.5 291.4 291.1 290.9 290.6 290.3 290 289.7 289.4 289 288.6 288.2 287.7 287.2 286.7 285.9 285.2 284.9 284.6 284.4 284.2 284.1 284.1 284.1 284.2 284.3 284.3 284.3 284.1 284.1 284.1 284.1 284 284 284 284 284 284 283.9 283.9 283.9 283.9 284 284.1 284.1 284.2 284.4 284.5 284.9 285.7 286.8 287.6 287.8 287.6 
287.2 287.5 287.6 287.5 287.7 288 288.3 288.5 288.7 289 289.4 289.6 290 290.4 290.7 291.3 291.8 291.8 291.5 291.2 291 290.8 290.6 290.3 290.1 290.1 289.4 289.1 288.8 288.4 288 287.5 286.8 286 285.3 284.9 284.6 284.5 284.5 284.2 284.2 284.2 284.2 284.2 284.2 284.2 284.1 284.1 284.1 284.1 284.1 284 284 284 284 284 284 283.9 284 284 284.1 284.1 284.1 284.2 284.3 284.4 285 285.9 287 287.7 288.1 287.9 
287.2 287.6 287.8 287.6 287.9 288.2 288.6 288.8 289.1 289.5 289.8 290.1 290.4 290.8 291.3 291.4 291.7 291.6 291.3 290.9 290.6 290.3 290.2 290.1 290.1 289.9 289.4 289.1 288.7 288.2 287.8 287.3 286.7 285.9 285.1 284.9 284.7 284.6 284.5 284.3 284.3 284.3 284.3 284.3 284.2 284.2 284.2 284.2 284.2 284.2 284.2 284.1 284.1 284 284.1 284.1 284 284 284 284.1 284.2 284.2 284.3 284.2 284.3 284.5 285.2 286.1 287 287.7 287.9 287.8 
287.1 287.5 287.8 287.8 288.1 288.6 289 289.1 289.4 289.7 290 290.4 290.7 291 291.2 291.2 291 291 290.7 290.3 289.9 289.7 289.6 289.6 289.6 289.3 289.2 288.9 288.4 288 287.6 287.2 286.6 285.8 285 284.8 284.7 284.6 284.4 284.4 284.3 284.3 284.3 284.3 284.3 284.2 284.2 284.2 284.2 284.2 284.2 284.1 284.1 284.1 284.1 284.2 284.1 284.1 284.1 284.2 284.2 284.3 284.3 284.3 284.4 284.8 285.4 286.1 286.9 287.5 287.8 287.7 
287.2 287.5 287.9 287.9 288 288.5 289 289.4 289.7 289.9 290.1 290.5 290.8 291 291.1 290.9 290.5 290.1 290 289.7 289.5 289.1 288.8 288.6 288.7 288.7 288.7 288.6 288.1 287.7 287.3 286.8 286.3 285.4 285.1 284.9 284.8 284.7 284.5 284.4 284.4 284.4 284.4 284.4 284.4 284.3 284.3 284.3 284.3 284.3 284.2 284.2 284.2 284.2 284.2 284.3 284.3 284.3 284.3 284.3 284.4 284.4 284.4 284.4 284.6 285 285.5 286.1 286.7 287.3 287.4 287.5 
287.4 287.8 287.9 288.1 288.1 288.2 288.5 289.2 289.8 290.2 290.4 290.8 290.9 291 290.8 290.5 290 289.6 289.4 289.2 288.8 288.4 288 287.8 287.7 287.7 287.8 287.6 287.6 287.4 286.7 286 285.4 284.9 284.7 284.8 284.8 284.8 284.6 284.5 284.4 284.4 284.5 284.5 284.4 284.4 284.4 284.4 284.3 284.3 284.3 284.3 284.3 284.4 284.4 284.4 284.4 284.4 284.5 284.5 284.5 284.5 284.5 284.5 284.7 285.1 285.5 286 286.5 287 287.2 287 
290 290.3 290.5 288.4 288.5 288.3 288.6 288.8 289.3 289.9 290.6 291.1 290.8 290.6 290.5 290.2 289.7 289.2 288.9 288.7 288.2 287.8 287.6 287.3 287.1 287 287 286.9 286.7 286.6 286 285.6 285.1 284.8 284.7 284.7 284.8 284.7 284.6 284.5 284.5 284.5 284.5 284.5 284.5 284.5 284.4 284.4 284.4 284.4 284.4 284.3 284.4 284.4 284.4 284.5 284.5 284.7 284.7 284.7 284.5 284.4 284.4 284.5 284.8 285.1 285.4 285.8 286.2 286.6 286.8 286.5 
290.4 290.6 290.9 291.3 291.6 289.4 289.7 289.6 289.5 289.6 290.1 290.9 291.2 290.9 290.5 290.2 289.8 289.3 288.9 288.7 288 287.5 287.2 286.9 286.8 286.8 286.6 286.3 286.1 285.9 285.5 285.2 284.8 284.6 284.5 284.6 284.6 284.7 284.6 284.6 284.5 284.5 284.5 284.5 284.5 284.5 284.5 284.4 284.4 284.4 284.4 284.4 284.5 284.5 284.5 284.5 284.6 284.7 284.7 284.7 284.5 284.4 284.4 284.6 284.8 285 285.2 285.5 285.9 286.1 286.1 285.8 
291.1 291.2 291.8 292.5 293.2 291.4 293.1 293.4 292.6 291.5 291.1 291.1 291.1 291.1 290.7 290.4 290 289.5 289.1 288.6 288.2 287.6 287.2 286.9 286.7 286.6 286.4 286.2 285.8 285.4 285.2 284.9 284.7 284.5 284.5 284.5 284.5 284.7 284.7 284.7 284.6 284.5 284.5 284.5 284.5 284.5 284.5 284.5 284.4 284.4 284.4 284.5 284.5 284.5 284.6 284.5 284.6 284.7 284.7 284.6 284.5 284.4 284.5 284.6 284.8 284.9 285.1 285.3 285.6 285.7 285.5 285.2 
291.8 292.4 293.7 294.9 293.7 296.5 300 300.9 299.7 297.4 294.2 292.8 291.6 290.9 290.7 290.4 290.3 289.9 289.5 288.9 288.4 287.8 287.2 286.9 286.8 286.7 286.5 286.1 285.7 285.3 285 284.7 284.7 284.6 284.6 284.5 284.6 284.7 284.7 284.7 284.7 284.7 284.6 284.5 284.5 284.5 284.5 284.5 284.5 284.5 284.5 284.6 284.5 284.6 284.6 284.6 284.7 284.7 284.7 284.7 284.6 284.5 284.5 284.6 284.7 284.8 285 285.1 285.2 285.2 285 284.8 
290.5 292.3 294.6 296.6 299.7 305.6 310.8 311.4 309.8 306.9 302.1 298 294.6 291.8 290.7 290.2 290 289.8 289.8 289.3 288.6 288 287.3 286.9 286.9 286.9 286.8 286.4 285.8 285.3 285 284.8 284.7 284.6 284.5 284.5 284.6 284.7 284.7 284.6 284.6 284.7 284.8 284.8 284.7 284.7 284.5 284.5 284.5 284.5 284.5 284.6 284.6 284.7 284.7 284.7 284.8 284.7 284.7 284.7 284.7 284.6 284.5 284.5 284.6 284.6 284.8 284.9 285 285 284.9 284.8 
293.3 296.4 299.8 302.9 311.6 319.3 323.6 322.9 321 317.9 312.5 306.2 299 293.8 291.6 290.6 289.9 289.7 290 289.8 289 288.2 287.6 287.1 286.8 286.9 286.8 286.5 286 285.6 285.1 284.8 284.7 284.6 284.5 284.4 284.5 284.6 284.8 284.8 284.8 284.8 284.9 284.9 284.9 284.8 284.7 284.7 284.5 284.5 284.5 284.6 284.7 284.8 284.8 284.8 284.8 284.8 284.8 284.8 284.7 284.6 284.5 284.4 284.5 284.5 284.6 284.8 284.8 284.9 284.8 284.8 
297.1 301.9 306.4 314.1 329.5 337.7 337.9 333.9 331 327.3 321.7 313.1 303.4 296.5 293.9 292.1 290.6 290 290 289.8 289.1 288.4 287.8 287 286.7 286.5 286.4 286.3 286.1 285.7 285.2 284.9 284.6 284.7 284.6 284.6 284.5 284.5 284.7 284.9 284.7 284.8 284.8 284.9 284.8 284.7 284.7 284.5 284.5 284.5 284.6 284.7 284.9 284.9 284.9 285 284.9 284.9 284.9 284.9 284.7 284.5 284.4 284.4 284.4 284.4 284.5 284.6 284.7 284.8 284.9 285 
301.5 307.1 313 327.5 344.6 353.8 348.6 342.9 338 332.4 325.9 316 305.5 299.7 297.5 295.4 293.1 291.3 290.6 289.9 289.1 288 287.6 287 286.4 286.2 286.1 286 285.8 285.4 285.1 284.9 284.7 284.7 284.6 284.6 284.6 284.5 284.6 284.8 284.8 284.7 284.8 285 284.9 284.8 284.6 284.5 284.6 284.6 284.7 284.7 284.9 285 285.1 285.2 285.1 285.1 285 284.9 284.6 284.4 284.2 284.2 284.2 284.2 284.4 284.5 284.7 284.8 285 285.2 
307.9 312.5 320.7 337 352.8 359.2 353.7 345.6 340.2 334.4 326.3 316.1 307.2 304 302 299.6 297.2 294.6 292.8 291.1 289.6 288.2 287.5 286.8 286.4 286 285.6 285.4 285.2 285.2 285.1 284.9 284.9 284.8 284.8 284.8 284.7 284.6 284.7 284.8 284.8 284.8 284.9 285 284.8 284.8 284.6 284.6 284.7 284.6 284.8 284.9 285.1 285.2 285.3 285.5 285.5 285.5 285.4 285.1 284.7 284.3 284.2 284.1 284.1 284.1 284.3 284.6 284.8 284.9 285.1 285.5 
316.2 318.9 326.6 340.3 352.4 355.5 350.8 344.3 338.9 334.4 327.4 318.3 311.7 308.8 306.8 304.5 301.8 298.9 295.9 293.5 291.3 289.2 287.8 286.8 286.3 285.9 285.6 285.4 285.3 285.1 285.1 285 285.1 285.1 285.1 284.9 284.7 284.7 284.8 284.8 284.9 284.9 285 285.1 284.9 284.7 284.6 284.7 284.8 284.9 285.1 285.1 285.2 285.3 285.6 285.9 286.1 286.2 285.9 285.1 284.5 284.2 284.1 284 284 284.1 284.3 284.5 284.7 284.9 285.2 285.5 
326.5 325.7 329.3 338.1 345.9 345.9 341.3 336.7 334.6 332.3 328.3 323.1 317.4 314.7 312.1 309.2 306.5 303.3 300.3 297.3 294.3 291.4 289 287.7 286.8 286 285.6 285.5 285.6 285.5 285.3 285.3 285.4 285.5 285.3 285.1 284.9 284.9 284.9 284.9 285 285.2 285.1 285 284.8 284.8 284.8 284.7 284.7 284.9 285.1 285.3 285.4 285.6 285.9 286.4 286.7 286.7 286 284.9 284.4 284.1 284 283.9 283.9 284 284.2 284.3 284.6 285 285.2 285.4 
334.6 331.5 332.1 334.8 338.2 334.4 329.2 326.8 327 327.4 326.4 324.5 321.6 319.1 317.9 314.9 312 308.4 305.3 301.7 297.6 294.2 291.4 289.8 288.6 287.3 286.3 285.9 285.7 285.8 285.8 285.8 286 285.9 285.6 285.4 285 284.9 284.9 284.9 284.9 285.1 285.1 285 284.9 284.8 284.8 284.8 284.8 284.9 285 285.3 285.4 285.7 286.3 286.8 287 286.5 285.6 284.6 284.2 283.9 283.8 283.8 283.8 283.9 284.1 284.2 284.4 284.7 285.1 285.3 
337.9 330.9 328.6 328.4 327.5 324.3 317.9 317.3 317.3 319.1 320.9 322.8 323.4 323.2 322.7 321.4 319.2 315.2 311.3 306 300.9 297.1 294.4 293.6 292.3 290.5 288.2 286.9 286.2 286 286 286.1 286.3 286.4 285.8 285.3 285 284.9 284.9 284.9 284.9 284.9 285 284.7 284.6 284.6 284.7 284.9 285 285.1 285.1 285.3 285.5 285.9 286.4 286.8 286.8 286.2 285.3 284.3 284.1 283.8 283.7 283.7 283.8 283.4 283.9 283.9 284.2 284.4 284.7 285 
336 327.3 322.3 320.4 317.8 314 310.4 310.5 308.4 310.2 313.5 317.6 320.8 323.2 325 326.7 326.1 323.2 318.1 310.9 304.2 300.3 298.7 299 297.4 295.1 292 289.2 287.6 286.6 286.3 286.4 286.4 286.2 285.7 285.2 285 285 285.1 285.1 284.9 284.8 284.6 284.4 284.4 284.5 284.6 284.7 284.8 285.1 285.3 285.6 285.6 286.3 286.8 287 286.5 285.8 284.9 284.4 284 283.8 283.9 283.3 283.3 283.3 283.7 283.7 283.9 284.2 284.4 284.5 
332.3 323.2 317.4 314.2 311.5 308.7 305.5 305.2 304.3 305.4 307.3 312 316.5 320.6 325.3 329.4 331 329.2 322.8 314.7 307.8 304.6 303.8 304.3 303.7 300 296.2 292.5 289.8 287.8 286.9 286.5 286.4 285.9 285.4 285.1 285.2 285.6 285.6 285.6 285.1 284.8 284.5 284.4 284.3 284.4 284.4 284.5 284.7 285 285.1 285.4 286 286.7 287 286.8 286.1 285.4 284.6 284.4 284 283.9 283.8 283.8 283.7 283.7 283.6 283.7 283.8 283.9 284 284 
329.9 322 316 311 307.6 305 301.9 301.3 301.2 302.9 304.6 308.2 312.8 318.1 325 330.5 332.4 330.8 324.9 317.3 311.8 309.5 308.7 308.4 306.8 303.8 300 296 292.2 289.4 287.6 286.8 286.4 285.9 285.4 285.2 285.4 285.6 285.9 285.7 285.5 285.2 284.7 284.5 284.1 284.2 284.2 284.2 284.5 284.8 285.1 285.7 286.2 286.8 286.8 286.4 285.9 285.1 284.6 284.3 283.9 283.8 283.9 283.8 283.7 283.7 283.7 283.8 283.7 283.8 283.8 283.7 
328.1 322.2 315.8 310 305.8 302.8 299.9 299.6 300.2 302.4 304.1 307.5 311.5 316.6 323 328.8 330.9 330 325.5 319.4 315.5 313.2 311.6 310.5 308.9 306.7 302.8 298.7 294.1 290.3 287.8 286.6 286.2 286.1 285.5 285.3 285 285.3 285.6 285.5 285.4 285 284.7 284.4 284.2 284.1 284.2 284.2 284.5 284.8 285.2 285.9 286.4 286.7 286.5 286.1 285.8 285.2 284.6 284.3 284.1 284 283.9 283.9 283.8 283.7 283.7 283.8 283.8 283.7 283.6 283.5 
324.7 320.8 315.4 309.6 305.1 301.5 298.8 297.8 299.7 302.1 304.8 308 311.8 316.7 322.2 326.9 329.7 329.6 326.5 322.6 318.5 315.4 313.5 312.3 311 309.1 305.7 300.9 295.4 290.8 287.7 286.3 285.8 285.9 285.6 285.3 285.2 285.1 285.3 285.1 285.1 284.9 284.8 284.4 284.3 284.2 283.3 284.2 284.3 284.5 285 285.9 286.5 286.6 286.3 286.1 285.8 285.3 284.7 284.3 284.2 284.1 284.1 284 284 283.8 283.8 283.8 283.8 283.7 283.6 283.5 
320.1 317 313.1 308.2 303.9 300.7 298.8 298.4 300.3 302.7 305.5 308.5 312.1 316.4 321.3 325.9 329.2 330.2 328.5 325 321.4 318 315.7 314.4 313.1 311.4 308.7 303.6 297.5 292.2 288.8 287.1 286.1 285.8 285.8 285.9 285.9 285.5 285.1 285 284.8 284.7 284.5 284.5 284.1 284.1 284 284.2 284.4 284.6 285.1 285.7 286.1 286.1 286 286 285.9 285.2 284.7 284.4 284.2 284.2 284.1 284.2 284.1 284 284 283.9 283.8 283.6 283.5 283.4 
315.3 312.8 309.3 305.6 302.1 300.1 299.2 299.3 300.7 302.8 305.6 308.6 311.8 315.4 319.7 324.2 328.3 330.2 329.5 326.5 322.8 319.7 317.7 316.5 315.7 314.3 311.6 306.2 300.1 295.4 292.5 290.4 288.6 287.5 286.9 286.9 286.9 286.3 285.9 285.3 284.9 284.6 284.6 284.5 283.4 283.4 284.1 284.3 284.4 284.8 285.3 285.8 285.9 285.9 285.8 285.6 285.4 284.9 284.6 284.3 284.2 284.2 284.2 284.2 284.1 284.1 283.9 283.8 283.7 283.6 283.5 283.4 
310.8 308.8 306.4 304.1 301.8 300.3 299.7 299.8 300.9 302.8 305.5 308.4 311.3 314.4 318 322.3 326.4 328.5 328.4 326.2 323.3 321.2 319.9 318.8 318 316.7 313.3 308.2 303.4 300.4 298.8 296.7 294.6 292.3 290.6 289.6 288.2 286.8 286.2 285.8 285.5 284.9 284.4 284.1 283.8 284.1 284.3 284.4 284.7 285 285.5 285.8 285.7 285.7 285.5 285.4 285 284.6 284.2 284.2 284.1 284.1 284.3 284.2 284.2 284.1 284 283.9 283.8 283.6 283.5 283.4 
306.9 305.7 304.5 303.1 301.7 300.6 300.1 300.1 301 302.9 305.6 308.4 311.1 314 317.4 321.9 324.3 326.6 326.5 324.7 322.8 321.7 320.7 320.2 319.7 318.5 315.5 311.4 307.9 306.4 305.9 305 303.7 301.7 299.3 295.2 291.6 289 287.2 286.4 285.1 285.4 285.1 284.3 284.1 284.2 284.5 284.7 284.9 285.2 285.5 285.5 285.4 285.4 285.3 285 284.6 284.3 284.1 284.1 284.2 284.2 284.3 284.2 284.2 284.1 284.1 283.9 283.8 283.7 283.5 283.4 
303.5 303.3 303 302.4 301.7 301.1 300.7 300.8 301.7 303.7 306.2 308.9 311.4 313.8 316.8 320.5 323.7 323.7 324.6 322.9 321.9 321.2 320.6 320.6 320.9 320.7 319.5 316.4 314.7 313.2 312.9 313 313.4 313.2 311.3 305.4 298.7 293.6 289.9 287.8 286.7 285.3 284.9 285.2 284.8 284.7 284.9 284.9 285.1 285.3 285.5 285.4 285.2 285 284.9 284.7 284.4 284.2 284.1 284.1 284.2 284.2 284.2 284.2 284.1 284.1 284 283.9 283.8 283.7 283.5 283.4 
300.9 301.1 301.5 301.5 301.4 301.2 301.2 301.7 302.9 305 307.4 309.7 311.8 314 316.1 319.1 321.9 323.1 322.5 321.6 320.9 320.2 319.8 320.3 321.5 322.3 322.4 321.7 320.7 320.6 319.8 319.8 321.7 323.6 322.6 316.5 309.8 302.4 296.7 292.1 288.9 287.5 285.7 285.8 285.5 285.3 285.2 285.3 285.4 285.5 285.5 285.2 284.9 284.8 284.7 284.6 284.5 284.3 284.1 284.1 284.1 284.2 284.2 284.2 284.1 284.1 284 283.9 283.8 283.7 283.5 283.3 
299.7 300 300.5 300.7 300.5 300.5 301.2 302.3 304.3 306.8 309.2 311.2 312.6 313.8 315.7 318 320.3 321.9 321.7 321 320 319.2 318.8 319.4 320.8 322.4 323.7 324.8 325.5 325.6 325.6 325.5 327 329.6 329.3 325.2 319.8 312.8 306.5 299.7 294.5 290.7 288.3 286.7 285.9 285.7 285.6 285.6 285.5 285.6 285.3 285.1 284.9 284.8 284.7 284.5 284.4 284.3 284.1 284.1 284.1 284.1 284.2 284.2 284.1 284.1 284 283.9 283.8 283.7 283.5 283.3 
299.6 299.9 300 300.1 299.8 299.9 300.2 302.5 305.2 308.2 310.9 312.8 314.1 314.9 316 317.6 319.4 320.9 321.1 320.4 319.1 318.1 317.7 318 319.3 320.8 322.6 324.6 326.9 328.3 328.6 328.7 329.6 331.2 331.9 329.7 326.2 321.7 316 309.8 303.1 297.1 291.8 288.2 286.5 285.9 285.8 285.7 285.7 285.7 285.5 285.3 285 284.8 284.7 284.6 284.4 284.3 284.2 284.2 284.1 284.1 284.2 284.2 284.2 284.1 283.9 283.9 283.8 283.6 283.4 283.3 
300 300.1 300 299.9 299.5 299.7 300.3 302.5 305.6 308.8 311.9 314.3 315.9 316.5 317.2 318.2 319.7 320.5 320.6 319.7 318.4 317.4 317.1 317.2 317.6 318.6 320 322.5 324.7 327 328.3 329 329.7 331.1 331.9 331.1 328.6 326 322.4 317.6 311.7 304.8 295.9 289.7 287.3 286.5 286.1 286 285.9 285.8 285.8 285.5 285.1 284.9 284.8 284.6 284.5 284.3 284.2 284.2 284.2 284.1 284.1 284.2 284.2 284 283.9 283.9 283.7 283.5 283.4 283.3 
