k_20190127_test.txt
ncols         72
nrows         48
xllcorner     -2136015
yllcorner     2155725
cellsize      30
NODATA_value  -9999
290.4 290.5 290.3 290.2 289.9 289.8 289.8 289.9 290 290.1 290 289.9 289.8 289.7 289.9 290.1 290.4 290.6 290.8 291 291.5 291.9 292.1 292 291.8 291.5 290.8 289.8 289.1 288.6 288.3 287.9 287.9 287.8 287.9 288 288.1 288 288 288 288.1 288.2 288.3 288.3 288.3 288.2 288.1 288 288 288 288.1 288.3 288.5 288.8 289.4 289.8 290.1 289.9 289.5 288.9 288.6 288.5 288.5 288.7 289.1 289.1 289.1 289.2 289.3 289.4 289.4 289.3 
290.7 290.9 291 290.8 290.4 290.1 290.1 290.3 290.5 290.6 290.6 290.6 290.5 290.4 290.3 290.6 290.8 291.1 291.3 291.7 292 292.4 292.5 292.4 292.1 291.7 290.9 289.8 288.9 288.4 288.1 287.8 287.7 287.8 287.9 288 288.1 288 288 287.9 287.9 287.9 288 288 288 288 287.8 287.7 287.6 287.6 287.7 288 288.2 288.6 289 289.4 289.4 289.1 288.8 288.5 288.3 288.2 288.2 288.4 288.6 288.6 288.7 288.9 289.1 289.2 289.3 289.4 
291 291.2 291.3 291 290.5 290.2 290.2 290.6 290.9 291.1 291.3 291.2 291.2 291 290.9 291 291.2 291.5 291.8 292.3 292.6 292.9 292.8 292.6 292.2 291.8 290.7 289.5 288.7 288.3 288.1 287.9 287.8 287.7 287.9 288 288 288 288 287.9 287.8 287.8 287.8 287.8 287.9 287.8 287.7 287.5 287.5 287.5 287.6 287.8 288 288.4 288.7 288.9 288.7 288.5 288.2 288.1 288 288 288 288 288.1 288.2 288.3 288.6 288.8 289 289.3 289.6 
291.1 291.4 291.4 291 290.6 290.3 290.5 290.9 291.3 291.4 291.5 291.5 291.6 291.5 291.5 291.5 291.6 291.9 292.3 292.7 293 293.2 293.1 292.9 292.4 291.7 290.3 289.3 288.8 288.5 288.3 288 287.9 287.9 288 288 288 288 287.9 287.9 287.8 287.7 287.7 287.8 287.8 287.7 287.6 287.6 287.6 287.7 287.7 287.7 287.9 288.2 288.4 288.4 288.3 288.1 287.9 287.8 287.7 287.7 287.8 287.8 288 288 288.2 288.5 288.7 289 289.4 289.7 
291.1 291.4 291.4 291 290.7 290.5 290.8 291.3 291.5 291.4 291.4 291.5 291.6 291.7 291.7 291.7 291.9 292.2 292.6 293.1 293.4 293.5 293.3 292.9 292.4 291.4 290.2 289.3 289.1 288.8 288.6 288.4 288.2 288.1 288.1 288 288 288 287.9 287.8 287.8 287.7 287.7 287.7 287.7 287.7 287.6 287.6 287.8 287.9 287.9 287.8 287.9 288.1 288.1 288.1 288.1 287.9 287.8 287.6 287.6 287.6 287.7 287.8 287.8 288 288.2 288.4 288.7 289 289.3 289.6 
290.9 291.2 291.3 291 290.8 290.8 291.1 291.5 291.5 291.2 291.1 291.2 291.4 291.6 291.7 291.9 292 292.4 292.9 293.3 293.6 293.6 293.4 293 292.3 291.4 290.3 289.8 289.5 289.2 289 288.7 288.5 288.4 288.3 288.1 288 287.9 287.9 287.8 287.8 287.6 287.7 287.6 287.6 287.6 287.6 287.7 287.9 288.1 288.1 288 288 288 288 288 288 287.9 287.7 287.5 287.5 287.6 287.7 287.8 287.9 288 288.2 288.5 288.7 289 289.3 289.5 
290.7 290.9 291.1 291 291 291.1 291.3 291.5 291.3 291.1 290.8 290.7 291 291.3 291.4 291.6 292.2 292.7 293.2 293.4 293.6 293.5 293.3 292.9 292.3 291.6 290.8 290.5 290.1 289.7 289.5 289.1 289 288.7 288.5 288.2 288 288 287.9 287.8 287.7 287.6 287.6 287.6 287.7 287.7 287.8 287.9 288.1 288.2 288.2 288.1 288.1 288 288 287.9 287.9 287.8 287.7 287.6 287.5 287.6 287.7 287.8 288 288.1 288.3 288.5 288.7 288.9 289.2 289.4 
290.4 290.7 291 291.2 291.2 291.3 291.3 291.4 291.1 290.8 290.5 290.4 290.6 290.8 290.9 291.3 291.9 292.6 293.1 293.5 293.7 293.7 293.4 292.8 292.2 291.7 291.3 291.1 290.8 290.3 289.8 289.4 289.2 289 288.7 288.4 288.1 288 287.8 287.8 287.6 287.6 287.7 287.7 287.7 287.8 287.9 288.1 288.2 288.3 288.2 288.1 288.1 288 287.9 287.9 287.8 287.7 287.6 287.5 287.5 287.6 287.8 287.9 288 288.2 288.4 288.6 288.7 288.8 289.1 289.3 
290.2 290.5 290.9 291.2 291.3 291.3 291.3 291.2 290.8 290.4 290.2 290.1 290.1 290.4 290.7 291.1 291.7 292.3 292.6 293 293.3 293.5 293.2 292.6 292 291.7 291.6 291.4 291.3 290.9 290.2 289.7 289.4 289.2 288.9 288.5 288.2 288.1 287.9 287.9 287.7 287.7 287.7 287.8 287.9 288 288.1 288.2 288.3 288.3 288.3 288.1 288 288 287.9 287.8 287.8 287.6 287.5 287.5 287.6 287.7 287.9 288 288.1 288.2 288.4 288.7 288.7 288.7 288.9 289.4 
290.2 290.6 290.9 291.2 291.3 291.3 291.3 290.9 290.5 290 289.8 289.8 289.8 290.2 290.7 291.2 291.6 291.9 292.2 292.4 292.8 292.9 292.8 292.1 291.6 291.7 291.5 291.3 291.2 291 290.4 289.9 289.6 289.3 289 288.5 288.3 288.1 288 287.9 287.8 287.7 287.8 287.9 288 288.3 288.4 288.4 288.4 288.4 288.3 288.2 288.1 288 287.9 287.8 287.7 287.6 287.5 287.5 287.6 287.8 287.9 288 288.1 288.2 288.4 288.6 288.7 288.7 288.9 289.5 
290.2 290.4 290.8 291.1 291.2 291.2 291 290.5 290.1 289.8 289.6 289.6 289.8 290.3 291 291.6 291.9 292.3 292.5 292.6 292.6 292.7 292.6 292.2 291.7 291.6 291.4 291.2 291 290.8 290.3 290 289.6 289.2 288.9 288.5 288.3 288.2 288 288 287.9 287.9 288 288 288.2 288.4 288.6 288.5 288.4 288.3 288.3 288.2 288.1 288 287.9 287.8 287.7 287.6 287.5 287.6 287.7 287.9 288 288 288.1 288.2 288.3 288.5 288.6 288.7 289.1 289.9 
290.1 290.3 290.7 290.9 291.1 291.1 290.9 290.4 290.1 289.9 289.8 289.9 290.1 290.8 291.6 292.2 292.7 293 293.2 293.1 293 293 293 292.6 292.2 291.8 291.6 291.3 291 290.7 290.3 290 289.6 289.2 288.8 288.5 288.3 288.2 288.1 288 288 288 288 288 288.2 288.4 288.6 288.5 288.4 288.3 288.2 288.1 288.1 287.9 287.9 287.7 287.7 287.6 287.5 287.6 287.8 287.9 288 288 288.1 288.2 288.3 288.6 288.8 289 289.7 290.6 
290 290.3 290.7 291 291.1 291.1 290.9 290.5 290.3 290.3 290.2 290.4 290.7 291.4 292.3 293 293.5 293.9 294 294.1 293.9 293.7 293.5 293.4 292.9 292.4 292 291.5 291.2 290.9 290.5 290.2 289.8 289.4 288.9 288.6 288.4 288.2 288.1 288.1 288 288 288 288.1 288.2 288.4 288.5 288.4 288.3 288.2 288.1 288.1 288 287.9 287.9 287.7 287.7 287.6 287.6 287.7 287.9 287.9 288 288.1 288.1 288.2 288.4 288.7 289 289.6 290.6 291.2 
290.2 290.5 290.8 291.2 291.2 291.2 291 290.9 290.7 290.7 290.8 291 291.4 292 292.9 293.6 294.2 294.6 294.8 294.8 294.6 294.4 294 293.8 293.5 292.9 292.5 292.1 291.8 291.4 290.9 290.4 290 289.6 289.1 288.7 288.4 288.2 288.1 288.1 288 288 288 288 288.1 288.2 288.3 288.3 288.2 288.1 288.1 288.1 288.1 288 287.9 287.8 287.7 287.7 287.7 287.9 288 288 288 288 288.1 288.3 288.5 288.8 289.3 290.4 291.4 291.8 
290.3 290.6 290.9 291.1 291.2 291.2 291.1 291.2 291.1 291.2 291.4 291.7 292.1 292.6 293.3 293.9 294.5 295 295.1 295.1 294.9 294.6 294.2 293.8 293.4 293 292.7 292.4 292.2 291.8 291.3 290.9 290.5 290 289.2 288.7 288.5 288.2 288.1 288 288 287.9 287.9 287.9 288 288 288.1 288 288 288 288 288 288 288 287.9 287.8 287.8 287.8 287.9 288 288 288 288 288 288.1 288.3 288.6 289 289.8 291.2 292 291.9 
290.4 290.7 291 291.1 291.1 291.3 291.3 291.3 291.3 291.5 291.8 292.1 292.5 293.1 293.5 294.2 294.8 295 295.1 295 294.8 294.5 294.1 293.6 293.1 292.9 292.8 292.6 292.4 292.1 291.7 291 290.5 290 289.3 288.8 288.4 288.3 288.1 288 287.9 287.9 287.8 287.8 287.9 287.9 287.9 287.9 287.9 288 288 288 288 288 287.9 287.9 287.9 287.9 288 288 288 288 288 288 288.2 288.4 288.8 289.3 290.5 291.7 292.3 291.7 
290.4 290.7 290.9 290.9 291.1 291.3 291.4 291.5 291.6 291.7 292 292.3 292.8 293.3 293.7 294.3 294.8 294.8 294.7 294.5 294.3 294.1 293.7 293.2 292.9 292.8 292.7 292.6 292.4 292.1 291.7 291.2 290.7 290.1 289.2 288.6 288.3 288.2 288.1 288 287.9 287.9 287.7 287.7 287.8 287.9 287.9 287.9 287.9 287.9 287.9 287.9 287.9 287.9 287.9 287.9 288 288 288.1 288.1 288.1 288 288 288 288.2 288.5 288.8 289.7 290.9 291.9 292.2 291.8 
290.3 290.8 291 290.9 291.1 291.2 291.5 291.7 291.8 292 292.3 292.6 293.1 293.4 293.7 294.1 294.4 294.3 294.1 293.9 293.6 293.4 293.1 292.7 292.5 292.6 292.5 292.5 292.2 291.8 291.5 291 290.7 289.8 288.9 288.4 288.3 288.2 288.1 288 287.9 287.8 287.7 287.7 287.7 287.8 287.8 287.8 287.8 287.9 287.9 287.9 287.9 287.9 287.9 288 288.1 288.1 288.1 288.1 288.1 288.1 288.1 288.1 288.2 288.5 289 290 291.2 291.9 291.9 291.6 
290.2 290.7 290.9 290.8 291.1 291.4 291.7 291.7 291.8 292.1 292.4 292.8 293.1 293.4 293.6 293.7 293.8 293.6 293.3 292.9 292.7 292.6 292.4 292.3 292 292.1 292.2 292.2 291.8 291.3 291.1 290.9 290.4 289.5 288.6 288.3 288.2 288.1 288 287.9 287.9 287.8 287.7 287.7 287.7 287.8 287.8 287.8 287.8 287.9 287.9 287.9 287.8 287.8 287.9 288 288.2 288.2 288.2 288.1 288.1 288.1 288.1 288.2 288.3 288.6 289.3 290.2 291.1 291.6 291.6 291.3 
290.2 290.6 290.8 290.8 290.9 291.2 291.5 291.8 291.9 292 292.2 292.7 293 293.2 293.4 293.3 293.1 292.9 292.6 292.3 292 291.8 291.5 291.2 291.4 291.6 291.9 291.7 291.2 290.8 290.5 290.2 289.7 289 288.3 288.1 288.1 288 288 287.9 287.8 287.8 287.8 287.8 287.7 287.8 287.8 287.8 287.8 287.8 287.9 287.9 287.8 287.8 287.9 288.2 288.3 288.2 288.2 288.2 288.2 288.2 288.2 288.2 288.3 288.7 289.5 290.3 290.9 291.1 291.1 290.9 
290.4 290.5 290.7 290.7 290.7 290.9 291.1 291.4 291.7 291.8 292 292.6 292.9 293.2 293.1 292.9 292.6 292.4 292.1 292 291.4 291 290.7 290.5 290.7 290.9 291.1 290.9 290.7 290.3 289.8 289.3 288.9 288.4 288.1 288 288 288 287.9 287.8 287.8 287.8 287.8 287.8 287.7 287.8 287.7 287.8 287.8 287.8 287.8 287.8 287.9 288 288.1 288.3 288.3 288.3 288.3 288.2 288.2 288.2 288.2 288.2 288.3 288.8 289.4 290.1 290.4 290.6 290.6 290.5 
292.7 292.8 292.9 290.6 290.7 290.7 290.8 291 291.5 291.7 291.8 292.4 292.6 292.8 292.9 292.7 292.3 291.9 291.6 291.4 290.9 290.6 290.3 290.2 290.2 290.3 290.5 290.2 289.9 289.5 289.1 288.7 288.4 288 287.8 287.8 287.9 287.9 287.8 287.8 287.7 287.7 287.7 287.7 287.7 287.7 287.7 287.7 287.8 287.8 287.8 287.8 287.9 288 288.2 288.4 288.4 288.4 288.3 288.3 288.2 288.2 288.1 288.2 288.3 288.8 289.3 289.7 290 290.1 290.1 290 
292.8 292.9 293 293 292.9 290.6 290.6 290.8 291.1 291.4 291.7 292.2 292.5 292.7 292.7 292.6 292.2 291.8 291.5 291.3 290.8 290.4 290.2 290 289.9 289.9 289.8 289.7 289.4 289.1 288.7 288.4 288 287.7 287.6 287.6 287.7 287.7 287.7 287.7 287.7 287.7 287.7 287.7 287.7 287.7 287.7 287.7 287.7 287.8 287.8 287.9 288 288.1 288.3 288.3 288.3 288.3 288.3 288.3 288.3 288.2 288.2 288.1 288.3 288.7 289 289.2 289.4 289.6 289.6 289.6 
293 293 293.1 293.1 293.1 290.6 290.6 290.8 291.2 291.6 291.9 292.5 292.7 292.8 292.6 292.5 292.3 292 291.6 291.3 291 290.5 290.2 290 289.9 289.8 289.7 289.5 289.2 288.8 288.5 288.2 287.9 287.6 287.5 287.4 287.5 287.6 287.6 287.7 287.8 287.7 287.8 287.7 287.7 287.7 287.7 287.7 287.7 287.8 287.8 287.9 288 288.1 288.2 288.2 288.3 288.2 288.2 288.2 288.2 288.2 288.2 288.2 288.4 288.6 288.8 288.9 289 289.1 289.1 289.1 
293.3 293.3 293.3 293.4 291.4 291.1 291 290.9 291.3 291.8 292 292.5 292.8 292.6 292.6 292.5 292.4 292.1 291.9 291.4 291 290.6 290.2 290 289.9 289.9 289.8 289.6 289.2 288.8 288.4 288.1 287.8 287.6 287.5 287.4 287.4 287.5 287.6 287.8 287.8 287.9 287.8 287.8 287.8 287.8 287.8 287.7 287.8 287.8 287.8 288 288 288.1 288.2 288.2 288.2 288.2 288.2 288.2 288.2 288.2 288.2 288.2 288.3 288.4 288.6 288.6 288.7 288.7 288.8 288.8 
291.4 291.3 291.4 291.5 291.8 291.8 291.7 291.4 291.5 292 292.3 292.7 293 292.7 292.4 292.3 292.2 292 292.2 291.8 291.2 290.8 290.2 290 290 290.2 290.4 290.1 289.4 288.8 288.3 288 287.8 287.6 287.5 287.4 287.5 287.6 287.6 287.7 287.8 287.9 288 287.9 287.9 287.9 287.8 287.8 287.8 287.8 287.8 288 288 288.1 288.1 288.2 288.2 288.2 288.2 288.2 288.2 288.2 288.2 288.1 288.2 288.2 288.3 288.4 288.4 288.5 288.5 288.6 
291.7 291.6 291.7 291.8 292.1 292.2 292.2 291.9 292 292.2 292.5 292.8 292.8 292.5 292.2 292.1 292 292.1 292.5 292.2 291.4 290.7 290.3 289.9 289.9 290.3 290.6 290.4 289.8 289 288.4 288.1 287.7 287.6 287.5 287.4 287.5 287.6 287.7 287.8 287.9 288.1 288.1 288.2 288 288 288 288.1 287.8 287.9 287.8 287.9 288 288.1 288.1 288.2 288.2 288.2 288.2 288.2 288.2 288.2 288.1 288 288 288.1 288.2 288.2 288.2 288.4 288.5 288.5 
291.8 291.8 291.9 292 292.2 292.2 292 292.2 292.2 292.2 292.5 292.8 292.5 292.2 291.9 291.8 291.8 292.1 292.4 292.3 291.5 290.6 290.2 289.8 289.8 290 290.3 290.1 289.7 289.1 288.5 288.1 287.7 287.6 287.6 287.5 287.5 287.6 287.7 287.9 288 288 288.2 288.2 288.2 288.2 288.1 288 287.8 287.8 288 288 288.1 288.1 288.2 288.3 288.2 288.3 288.3 288.3 288.3 288.2 288 287.9 287.9 287.9 288 288.1 288.2 288.3 288.5 288.6 
291.9 291.9 292 292.3 292.2 292.1 291.7 291.9 292.2 292.3 292.5 292.3 292 291.7 291.5 291.6 291.7 291.8 292.3 292.2 291.5 290.4 289.9 289.5 289.3 289.4 289.6 289.6 289.3 288.8 288.4 288.1 287.8 287.7 287.7 287.6 287.6 287.7 287.9 287.9 288 288.1 288.2 288.3 288.3 288.2 288.1 287.9 287.8 287.9 287.9 288 288.2 288.3 288.4 288.5 288.4 288.4 288.4 288.4 288.3 288.1 287.8 287.8 287.8 287.8 287.9 288 288.2 288.4 288.6 288.8 
291.9 291.9 292 292 292 291.7 291.5 291.8 292.1 292.1 292.3 292.1 291.4 291.1 291.2 291.4 291.6 291.7 291.9 291.7 291.2 290.3 289.9 289.3 288.9 288.8 288.8 288.7 288.5 288.5 288.4 288.1 288 287.8 287.8 287.8 287.8 287.8 287.9 288 288 288.1 288.2 288.3 288.3 288.2 288 287.9 287.8 287.8 288 288.1 288.3 288.5 288.7 288.8 288.7 288.7 288.7 288.7 288.4 288 287.7 287.7 287.7 287.8 287.9 288.1 288.3 288.5 288.7 289.1 
291.9 291.9 291.9 292 292 291.6 291.6 292 292.2 292.1 291.9 291.5 291 290.8 291 291.3 291.4 291.3 291.1 290.9 290.6 290.2 289.7 289 288.7 288.4 288.3 288.2 288.2 288.4 288.4 288.2 288.1 288 288.1 288 287.9 287.9 288 288 288.1 288.2 288.3 288.4 288.3 288.2 288 287.9 288 288 288.1 288.2 288.5 288.8 289.1 289.3 289.4 289.4 289.3 288.9 288.4 287.9 287.6 287.6 287.6 287.7 287.8 288.1 288.3 288.6 288.8 289.2 
291.8 291.9 292.2 292.4 292.3 291.8 291.9 292.2 292.2 291.9 291.4 290.9 290.5 290.6 290.9 291.2 291.2 290.9 290.6 290.4 290.2 289.9 289.2 288.7 288.3 288 287.9 288 288.1 288.3 288.5 288.5 288.4 288.3 288.4 288.3 288.2 288.1 288 288 288.2 288.3 288.3 288.4 288.3 288.1 288.1 288 287.9 288 288.3 288.5 288.9 289.2 289.5 289.9 290 289.9 289.7 288.9 288.2 287.7 287.5 287.4 287.4 287.5 287.7 288 288.3 288.6 288.8 289.1 
291.8 292 292.4 292.7 292.5 292.3 292.3 292.6 292.5 291.8 291.2 290.6 290.3 290.3 290.6 290.9 290.9 290.5 290.1 289.8 289.5 289.2 288.8 288.4 288.1 287.9 287.8 287.9 288.2 288.6 288.9 289 289 288.9 288.7 288.6 288.3 288.1 288 288.1 288.2 288.3 288.4 288.4 288.3 288.1 288.1 288 288 288.1 288.4 288.7 289.1 289.4 290 290.3 290.3 290.1 289.7 288.7 288 287.6 287.4 287.3 287.3 287.4 287.6 287.8 288.1 288.4 288.7 288.9 
292 292 292.4 292.7 292.7 292.9 293 293.1 292.7 292 291.2 290.7 290.2 290 290.2 290.4 290.3 290 289.6 289.2 288.9 288.6 288.3 288 287.9 287.8 287.8 287.9 288.3 288.6 288.9 289.1 289.2 289.2 288.8 288.6 288.2 288 288 288.2 288.4 288.4 288.5 288.2 288.1 288 288 288.1 288.2 288.3 288.6 288.9 289.2 289.6 290.3 290.5 290.6 290.3 289.5 288.5 287.9 287.5 287.3 287.2 287.2 287.3 287.4 287.6 287.8 288.1 288.4 288.6 
292.1 292.3 292.8 293.1 293.3 293.7 293.8 295.2 293.1 292.2 291.4 290.8 290.2 289.9 289.8 289.8 289.8 289.6 289.3 288.9 288.5 288.1 287.9 287.7 287.7 287.7 287.8 287.9 288.1 288.4 288.8 289.1 289.1 289 288.7 288.4 288 287.9 288.1 288.4 288.6 288.5 288.3 288 287.9 287.9 288 288.1 288.3 288.6 288.9 289.3 289.5 290.1 290.6 290.8 290.8 290.2 289.2 288.3 287.8 287.5 287.4 287.3 287.3 287.3 287.3 287.4 287.6 287.8 288.1 288.2 
292.2 292.8 293 293.5 293.8 294.2 294.5 295.5 295 294.2 291.8 291.1 290.5 290 289.8 289.7 289.5 289.4 289.2 288.9 288.4 288.1 287.9 287.8 287.7 287.8 287.8 287.9 288.1 288.2 288.4 288.8 288.8 288.7 288.4 288.1 287.9 288 288.4 288.8 288.8 288.5 288.1 287.8 287.7 287.8 287.9 288.1 288.5 288.8 289.1 289.4 289.8 290.6 290.9 291 290.7 290 289 288.2 287.8 287.5 287.4 287.3 287.3 287.3 287.3 287.4 287.4 287.6 287.8 287.9 
292.2 292.8 293.4 293.8 294.2 294.6 295 296.1 295.5 294.7 292.2 291.5 290.9 290.4 290.1 289.9 289.7 289.5 289.4 289.1 288.6 288.3 288.2 288 287.9 287.9 287.9 287.9 288 288.2 288.3 288.4 288.4 288.4 288.1 287.9 288 288.1 288.7 289 288.9 288.6 288.1 287.8 287.5 287.6 287.7 288 288.5 289 289.4 289.8 290.3 290.7 290.9 291 290.5 289.7 288.8 288.2 287.7 287.4 287.4 287.3 287.4 287.4 287.4 287.4 287.5 287.5 287.6 287.6 
292.2 292.9 293.4 294 294.4 295 295.4 296.7 296.2 295.4 293 292.1 291.5 290.9 290.5 290.3 290.1 289.9 289.7 289.3 289 288.8 288.7 288.4 288.3 288.2 288.1 287.9 287.9 288 288.2 288.2 288.2 288.2 288 287.8 287.7 288 288.6 288.7 288.7 288.5 288.1 287.7 287.6 287.5 287.8 288.2 288.7 289.3 289.7 290.2 290.6 290.9 291 291 290.5 289.4 288.6 288.2 287.8 287.5 287.4 287.4 287.5 287.5 287.5 287.5 287.5 287.6 287.5 287.4 
292.5 293 293.4 294 294.6 295.1 295.8 295.8 295.4 294.7 293.8 292.9 292.2 291.4 290.9 290.6 290.5 290.3 290 289.7 289.5 289.3 289.1 289 288.8 288.7 288.5 288.1 288 287.9 288 287.9 287.9 287.9 287.8 287.6 287.6 287.9 288.3 288.4 288.5 288.3 288.1 287.9 287.6 287.5 287.8 288.2 288.7 289.2 289.7 290.4 290.8 291 291.1 290.8 290.2 289.2 288.5 288 287.8 287.6 287.5 287.5 287.6 287.5 287.6 287.6 287.6 287.6 287.5 287.3 
292.8 293.1 293.5 294 294.5 295.2 295.9 296.1 295.9 295.2 294.5 293.7 292.9 292 291.3 291 290.8 290.7 290.4 290.2 290 289.9 289.7 289.6 289.3 289.2 289 288.6 288.2 288 287.9 287.8 287.7 287.6 287.5 287.5 287.6 287.7 288 288.1 288.2 288 288 287.7 287.5 287.5 287.7 288.2 288.7 289.2 289.7 290.1 290.5 290.8 290.9 290.5 289.8 289 288.5 288 287.7 287.6 287.6 287.6 287.7 287.6 287.6 287.6 287.6 287.5 287.4 287.2 
293 293.2 293.6 294.1 294.6 295.2 296 296.4 296.2 295.3 295 294.2 293.6 292.5 291.8 291.3 291.1 291 290.9 290.7 290.6 290.6 290.4 290.1 289.9 289.8 289.6 289.1 288.7 288.3 288 287.8 287.5 287.5 287.4 287.7 287.6 287.6 287.6 287.7 287.7 287.7 287.8 287.7 287.6 287.5 287.6 288.1 288.8 289.3 289.7 290.2 290.5 290.7 290.5 289.9 289.2 288.7 288.4 288 287.8 287.7 287.6 287.6 287.7 287.6 287.5 287.5 287.4 287.4 287.2 287.1 
293.3 293.5 293.9 294.3 294.8 295.3 296 296.4 296 295.4 294.9 294.2 293.6 292.6 292 291.5 291.3 291.2 291.2 291.1 291.2 291.3 291.1 290.8 290.6 290.3 290.1 289.7 289.3 288.8 288.4 288.1 287.7 287.5 287.3 287.5 287.6 287.5 287.4 287.4 287.3 287.3 287.4 287.4 287.3 287.3 287.7 288.2 288.9 289.3 289.7 290.1 290.3 290.4 289.8 289.3 288.7 288.5 288.1 287.8 287.7 287.5 287.7 287.7 287.6 287.6 287.5 287.4 287.3 287.2 287.1 287 
293.5 293.7 293.9 294.2 294.7 295.1 295.6 296.1 295.8 295.2 294.7 294 293.3 292.5 292 291.7 291.5 291.4 291.4 291.6 291.7 291.8 291.7 291.5 291.2 290.9 290.6 290.2 289.8 289.4 289 288.5 288.2 287.8 287.6 287.5 287.6 287.5 287.5 287.3 287.2 287.1 287.1 287.3 287.3 287.5 287.9 288.4 288.9 289.2 289.5 289.8 289.9 289.7 289.2 288.6 288.3 288.1 287.8 287.7 287.6 287.5 287.6 287.6 287.5 287.5 287.5 287.3 287.2 287.1 287 286.9 
293.5 293.7 293.8 293.9 294.2 294.5 295 295.5 295.2 294.7 294.4 293.7 292.8 292.2 292 291.8 291.6 291.6 291.7 291.8 292 292.1 292 291.9 291.7 291.5 291.1 290.7 290.4 290 289.6 289.1 288.7 288.2 287.9 287.7 287.7 287.6 287.5 287.3 287.3 287.3 287.5 287.5 287.6 287.8 288.1 288.5 288.7 289.1 289.2 289.3 289.3 288.9 288.5 288.3 288.1 287.9 287.7 287.7 287.6 287.5 287.5 287.5 287.5 287.5 287.5 287.3 287.1 287 286.9 286.9 
293.4 293.5 293.6 293.6 293.6 293.9 294.4 294.6 294.3 294.1 293.7 293 292.3 292 291.8 291.8 291.7 291.7 291.8 292 292.1 292.1 292.1 292.1 292.1 292 291.7 291.3 291 290.6 290.2 289.8 289.3 288.8 288.3 288 287.9 287.7 287.9 287.7 287.5 287.5 287.6 287.8 287.9 288.1 288.2 288.5 288.7 288.9 288.9 288.8 288.6 288.3 288.1 288 287.9 287.8 287.6 287.6 287.5 287.5 287.4 287.5 287.5 287.5 287.5 287.3 287.1 286.9 286.9 286.8 
293.3 293.3 293.4 293.4 293.3 293.5 293.8 293.8 293.6 293.3 292.9 292.4 292 291.7 291.7 291.7 291.8 291.8 291.9 292.1 292.1 292.1 292.1 292.2 292.2 292.2 292.1 291.8 291.5 291.2 290.8 290.4 290 289.3 288.7 288.3 288.1 288.1 288.2 288.1 287.9 287.9 287.9 288.1 288.2 288.4 288.5 288.6 288.7 288.8 288.7 288.5 288.3 288.1 287.9 287.8 287.7 287.6 287.5 287.4 287.4 287.4 287.4 287.5 287.5 287.5 287.4 287.2 287 286.9 286.9 286.8 
293 293.2 293.2 293.3 293.2 293.4 293.4 293.4 293.2 292.8 292.3 291.9 291.8 291.7 291.7 291.7 291.8 291.8 291.9 292.1 292 292 292 292.1 292.2 292.3 292.2 292.1 292 291.8 291.5 291.2 290.8 290 289.2 288.8 288.6 288.6 288.7 288.7 288.5 288.4 288.5 288.5 288.6 288.7 288.8 288.7 288.7 288.8 288.6 288.4 288.2 287.9 287.8 287.7 287.6 287.5 287.4 287.3 287.3 287.3 287.4 287.5 287.5 287.5 287.3 287.1 287 286.9 286.8 286.8 
292.7 293 293.1 293.1 293.2 293.4 293.6 293.5 293.3 292.7 292 291.7 291.7 291.7 291.7 291.8 291.8 291.9 291.9 292.1 292 291.9 292 292.1 292.2 292.3 292.3 292.3 292.3 292.3 292.2 291.9 291.6 291.1 290.3 289.8 289.4 289.3 289.4 289.3 289.2 289.1 289.2 289.2 289.1 289.1 289.1 289 288.9 288.8 288.7 288.5 288.2 288 287.8 287.7 287.5 287.3 287.3 287.2 287.2 287.2 287.3 287.4 287.5 287.4 287.3 287.1 287 286.8 286.8 286.8 
